Generation 0 

 g = 0
new geneScore = 1336.0

 g = 100
new geneScore = 123.0

 g = 200
new geneScore = 63.0

 g = 300
new geneScore = 75.0

 g = 400
new geneScore = 66.0

 g = 500
new geneScore = 42.0

BEST SCORE: 19.0
0   0   1   []  [56, 54, 95, 74, 98]
1   1   1   []  [55, 50, 2, 59, 33, 11, 67]
2   2   1   []  [63, 16, 86, 78, 42, 58, 45, 64, 81, 61, 92, 54, 87, 90, 37, 56, 17, 95, 36, 11, 49, 51, 30, 94, 83, 12, 63, 16, 86, 78, 42, 58, 45, 64, 81, 61, 92, 54, 87, 90, 37, 56, 17, 95, 36, 11, 49, 51, 30, 94, 83, 12, 63, 16, 86, 78, 42, 58, 45, 64, 81, 61, 92, 54, 87, 90, 37, 56, 17, 95, 36, 11, 49, 51, 30, 94, 83, 12]
3   3   1   []  [82, 89, 12, 82, 89, 12, 82, 89, 12]
4   4   1   []  [52, 5, 67, 54, 27, 50, 99, 18, 88, 23, 59, 68, 1, 14, 24, 38, 11, 26, 48, 89, 36, 73, 56, 44, 22, 57]
5   5   1   []  [38, 46, 6, 74, 76, 67, 70, 75, 45, 26, 28, 10, 3, 71, 2, 48, 14, 32, 50, 58, 69, 61, 25, 27, 16, 12, 85, 65, 38, 46, 6, 74, 76, 67, 70, 75, 45, 26, 28, 10, 3, 71, 2, 48, 14, 32, 50, 58, 69, 61, 25, 27, 16, 12, 85, 65, 38, 46, 6, 74, 76, 67, 70, 75, 45, 26, 28, 10, 3, 71, 2, 48, 14, 32, 50, 58, 69, 61, 25, 27, 16, 12, 85, 65, 38, 46, 6, 74, 76, 67, 70, 75, 45, 26, 28, 10, 3, 71, 2, 48, 14, 32, 50, 58, 69, 61, 25, 27, 16, 12, 85, 65, 38, 46, 6, 74, 76, 67, 70, 75, 45, 26, 28, 10, 3, 71, 2, 48, 14, 32, 50, 58, 69, 61, 25, 27, 16, 12, 85, 65, 38, 46, 6, 74, 76, 67, 70, 75, 45, 26, 28, 10, 3, 71, 2, 48, 14, 32, 50, 58, 69, 61, 25, 27, 16, 12, 85, 65, 38, 46, 6, 74, 76, 67, 70, 75, 45, 26, 28, 10, 3, 71, 2, 48, 14, 32, 50, 58, 69, 61, 25, 27, 16, 12, 85, 65, 38, 46, 6, 74, 76, 67, 70, 75, 45, 26, 28, 10, 3, 71, 2, 48, 14, 32, 50, 58, 69, 61, 25, 27, 16, 12, 85, 65, 38, 46, 6, 74, 76, 67, 70, 75, 45, 26, 28, 10, 3, 71, 2, 48, 14, 32, 50, 58, 69, 61, 25, 27, 16, 12, 85, 65, 38, 46, 6, 74, 76, 67, 70, 75, 45, 26, 28, 10, 3, 71, 2, 48, 14, 32, 50, 58, 69, 61, 25, 27, 16, 12, 85, 65, 38, 46, 6, 74, 76, 67, 70, 75, 45, 26, 28, 10, 3, 71, 2, 48, 14, 32, 50, 58, 69, 61, 25, 27, 16, 12, 85, 65, 38, 46, 6, 74, 76, 67, 70, 75, 45, 26, 28, 10, 3, 71, 2, 48, 14, 32, 50, 58, 69, 61, 25, 27, 16, 12, 85, 65]
6   6   1   []  [89, 34, 72, 70, 17, 23, 69, 84, 96, 39, 38, 43, 7, 74, 67, 89, 34, 72, 70, 17, 23, 69, 84, 96, 39, 38, 43, 7, 74, 67, 89, 34, 72, 70, 17, 23, 69, 84, 96, 39, 38, 43, 7, 74, 67]
7   7   1   []  [36, 20, 40, 17, 31, 83, 93, 53, 55, 19, 68, 58, 69, 27, 73, 35, 15, 98, 16, 63, 82, 9, 10, 39, 94, 33, 6, 61]
8   8   1   []  [94, 85, 44, 74, 6, 68, 42, 1, 82, 81, 26, 91, 31, 90, 53, 27, 45, 10, 88, 35, 13, 16, 65, 78, 72, 39, 96, 18]
9   9   1   []  [82]
10  10  1   []  [1, 71, 65, 98, 47, 42, 48, 76, 74, 36, 82, 46, 89, 79, 2, 63, 43, 8, 45, 44, 22, 54, 29, 52, 5, 33, 21, 56, 1, 71, 65, 98, 47, 42, 48, 76, 74, 36, 82, 46, 89, 79, 2, 63, 43, 8, 45, 44, 22, 54, 29, 52, 5, 33, 21, 56, 1, 71, 65, 98, 47, 42, 48, 76, 74, 36, 82, 46, 89, 79, 2, 63, 43, 8, 45, 44, 22, 54, 29, 52, 5, 33, 21, 56]
11  11  1   []  [5, 60, 25, 3, 85, 99, 12]
12  12  1   []  [89, 75, 61, 87, 30, 68, 64, 38, 51, 82, 21, 56, 80, 26, 55, 89, 75, 61, 87, 30, 68, 64, 38, 51, 82, 21, 56, 80, 26, 55, 89, 75, 61, 87, 30, 68, 64, 38, 51, 82, 21, 56, 80, 26, 55]
13  13  1   []  [67, 22, 69, 12, 34, 41, 17, 18, 98, 85, 32, 92]
14  14  1   []  [49, 17, 86, 74, 0, 69, 29, 84, 50, 76, 96, 71, 75, 46, 35, 24, 16, 49, 17, 86, 74, 0, 69, 29, 84, 50, 76, 96, 71, 75, 46, 35, 24, 16, 49, 17, 86, 74, 0, 69, 29, 84, 50, 76, 96, 71, 75, 46, 35, 24, 16]
15  15  1   []  [32, 40, 82, 22, 52, 66]
16  16  1   []  [78, 92, 54, 53, 24, 5, 41, 6, 66, 0, 71, 60, 26, 65, 59, 81, 29, 34, 51, 2, 88, 63, 94, 44, 36, 86, 39, 73, 68, 28, 78, 92, 54, 53, 24, 5, 41, 6, 66, 0, 71, 60, 26, 65, 59, 81, 29, 34, 51, 2, 88, 63, 94, 44, 36, 86, 39, 73, 68, 28, 78, 92, 54, 53, 24, 5, 41, 6, 66, 0, 71, 60, 26, 65, 59, 81, 29, 34, 51, 2, 88, 63, 94, 44, 36, 86, 39, 73, 68, 28]
17  17  1   []  [44, 61, 18, 36, 12, 16, 93, 11, 83, 3, 82, 41, 45, 46, 65, 42, 5, 30, 48, 89, 23, 81, 94]
18  18  1   []  [97, 99, 17, 89, 53, 69, 64, 82, 73, 26, 58, 13, 68, 39]
19  19  1   []  [70, 9, 20, 4]
20  20  1   []  [48, 87, 17, 54, 11, 43, 27, 80, 57, 36, 55, 84, 32, 18, 5, 62, 46, 26, 9, 39]
21  21  1   []  [98, 95, 38, 4, 29, 12, 19, 50, 99, 69, 11, 1, 79, 66, 3, 54, 26, 53, 17, 46, 2, 20, 85, 84, 73, 94, 45]
22  22  1   []  [81, 83, 87, 29, 16, 8, 3, 18, 78, 47, 61, 91, 15, 63, 20, 85, 97, 68, 98, 46, 89, 37, 9, 36, 55, 7]
23  23  1   []  [94, 15, 20, 88, 2, 79, 19, 55, 62, 34, 4]
24  24  1   []  [44, 6, 25, 53, 89, 14, 57, 38, 42, 67, 76, 45, 20, 33, 23, 63, 74]
25  25  1   []  [16, 62, 1, 88, 42, 30, 13, 94, 71, 44, 17, 91, 16, 62, 1, 88, 42, 30, 13, 94, 71, 44, 17, 91, 16, 62, 1, 88, 42, 30, 13, 94, 71, 44, 17, 91]
26  26  1   []  [47, 6, 81, 21, 98, 49, 29, 41, 79, 63, 86, 47, 6, 81, 21, 98, 49, 29, 41, 79, 63, 86, 47, 6, 81, 21, 98, 49, 29, 41, 79, 63, 86]
27  27  1   []  [1, 75, 99, 13, 62, 30, 92, 34, 79, 24, 70, 65, 72, 1, 75, 99, 13, 62, 30, 92, 34, 79, 24, 70, 65, 72, 1, 75, 99, 13, 62, 30, 92, 34, 79, 24, 70, 65, 72]
28  28  1   []  [17, 18, 63, 61, 41, 15, 81, 19, 0, 62, 38, 14, 98, 71, 70, 50, 97, 56, 10, 25, 95, 54, 11, 17, 18, 63, 61, 41, 15, 81, 19, 0, 62, 38, 14, 98, 71, 70, 50, 97, 56, 10, 25, 95, 54, 11, 17, 18, 63, 61, 41, 15, 81, 19, 0, 62, 38, 14, 98, 71, 70, 50, 97, 56, 10, 25, 95, 54, 11]
29  29  1   []  [41, 37, 86, 10, 3, 32, 71, 74, 16, 33]
30  30  1   []  [23, 49, 31, 68, 13, 82, 62, 26, 79, 63, 65, 75, 10]
31  31  1   []  [22, 26, 96, 11, 88, 0, 95, 98]
32  32  1   []  [14, 86, 4, 59, 64, 84, 46, 15, 55, 47, 79, 26, 37, 90, 11, 34, 39, 71, 74, 14, 86, 4, 59, 64, 84, 46, 15, 55, 47, 79, 26, 37, 90, 11, 34, 39, 71, 74, 14, 86, 4, 59, 64, 84, 46, 15, 55, 47, 79, 26, 37, 90, 11, 34, 39, 71, 74]
33  33  1   []  [49, 32, 23, 39, 6]
34  34  1   []  [96, 24, 54, 81, 73, 61]
35  35  1   []  [87, 98, 97, 60, 9, 59, 27, 96, 89, 20, 11, 44]
36  36  1   []  [6, 92, 4, 39, 22, 63, 86, 98, 40, 30, 74, 9, 8, 58, 71, 26, 69, 23, 82, 42, 43, 51, 73, 68, 10]
37  37  1   []  [96, 26, 17, 41, 8]
38  38  1   []  [56, 55, 64, 26, 72, 9, 34, 77, 87, 91, 23, 80, 53, 60, 70, 20, 63, 45, 65, 71, 1, 56, 55, 64, 26, 72, 9, 34, 77, 87, 91, 23, 80, 53, 60, 70, 20, 63, 45, 65, 71, 1, 56, 55, 64, 26, 72, 9, 34, 77, 87, 91, 23, 80, 53, 60, 70, 20, 63, 45, 65, 71, 1]
39  39  1   []  [75, 92, 6, 64, 84, 96, 0, 93, 3, 55, 33, 23, 79, 77, 63, 16, 17, 91, 13, 40, 15, 19, 50, 44, 51, 68, 90, 74, 20]
40  40  1   []  [20, 29, 48, 64]
41  41  1   []  [87, 77, 71, 64, 70, 53, 20, 45, 23, 69, 3, 44, 54, 22, 21, 36, 94, 60, 62, 12, 24, 13, 85, 96, 79, 78, 39]
42  42  1   []  [83, 6, 86, 39, 64, 46, 88, 37, 69, 38, 11, 50, 74, 97, 92, 78, 2, 33]
43  43  1   []  [40, 59, 72, 96, 47, 69, 4, 45, 5, 28]
44  44  1   []  [46, 51, 90, 26]
45  45  1   []  [32, 14, 3, 0, 46, 57, 85, 61, 87, 18, 19, 6, 80, 94, 21, 33, 88, 79, 91, 32, 14, 3, 0, 46, 57, 85, 61, 87, 18, 19, 6, 80, 94, 21, 33, 88, 79, 91, 32, 14, 3, 0, 46, 57, 85, 61, 87, 18, 19, 6, 80, 94, 21, 33, 88, 79, 91]
46  46  1   []  [62, 49, 91, 29, 69, 70, 98, 82, 34, 35, 55, 64, 45, 94, 85, 21, 14, 53, 80, 54, 18, 81, 4, 62, 49, 91, 29, 69, 70, 98, 82, 34, 35, 55, 64, 45, 94, 85, 21, 14, 53, 80, 54, 18, 81, 4, 62, 49, 91, 29, 69, 70, 98, 82, 34, 35, 55, 64, 45, 94, 85, 21, 14, 53, 80, 54, 18, 81, 4]
47  47  1   []  [63, 68, 46, 62, 2, 9, 59, 93, 20, 97, 17, 69, 61, 32, 90, 67, 80, 30, 15, 49, 34, 31, 39, 51, 53]
48  48  1   []  [49, 91, 71, 81, 44, 46, 43, 25, 90, 39, 1, 85, 29, 83, 4, 45, 23, 16, 49, 91, 71, 81, 44, 46, 43, 25, 90, 39, 1, 85, 29, 83, 4, 45, 23, 16, 49, 91, 71, 81, 44, 46, 43, 25, 90, 39, 1, 85, 29, 83, 4, 45, 23, 16]
49  49  1   []  [31, 80, 0, 87, 99, 63, 8, 1, 91, 5, 61, 95, 98, 56, 65, 62, 36, 54, 10, 41, 42]
50  50  1   []  [58, 81, 37, 75, 49, 92, 94, 20, 21, 40, 0, 60, 34, 98, 90, 78, 82, 5, 45, 61, 52, 99, 73, 59, 80, 88, 44, 25, 4, 58, 81, 37, 75, 49, 92, 94, 20, 21, 40, 0, 60, 34, 98, 90, 78, 82, 5, 45, 61, 52, 99, 73, 59, 80, 88, 44, 25, 4, 58, 81, 37, 75, 49, 92, 94, 20, 21, 40, 0, 60, 34, 98, 90, 78, 82, 5, 45, 61, 52, 99, 73, 59, 80, 88, 44, 25, 4]
51  51  1   []  [82, 85, 71, 64, 49, 78, 44, 47, 12]
52  52  1   []  [80, 20, 63, 48, 39, 65, 49, 72, 16, 81, 30, 29, 33, 69, 53, 83, 70, 75, 46, 68, 92, 79, 64, 28, 4, 5, 36, 12]
53  53  1   []  [71, 24, 23, 15, 84, 28, 3, 91, 78, 10, 31, 5, 43, 41, 30, 60, 47, 44, 99, 79, 8, 75, 94, 36]
54  54  1   []  [4, 40, 88, 95, 30, 56, 81, 12, 37, 60, 53, 96, 78, 43, 28, 38, 98, 83]
55  55  1   []  [81, 44, 13, 7, 74, 34, 17, 91, 27, 97, 84, 43, 28, 61, 52, 85]
56  56  1   []  [58, 9, 93, 46, 81, 57, 8, 89, 82, 77, 19, 21, 94, 97, 84]
57  57  1   []  [32, 70, 10, 85, 96, 97, 87, 84, 53, 16, 47, 5, 18, 22, 44, 79, 31, 17, 27, 82, 54, 67, 15]
58  58  1   []  [27, 50, 85, 12, 74, 8, 84, 77, 25, 49, 90, 89, 98, 32, 72, 21, 13, 45, 41, 55, 23, 28, 1, 7, 26, 93, 46, 15, 27, 50, 85, 12, 74, 8, 84, 77, 25, 49, 90, 89, 98, 32, 72, 21, 13, 45, 41, 55, 23, 28, 1, 7, 26, 93, 46, 15, 27, 50, 85, 12, 74, 8, 84, 77, 25, 49, 90, 89, 98, 32, 72, 21, 13, 45, 41, 55, 23, 28, 1, 7, 26, 93, 46, 15]
59  59  1   []  [57, 62, 1, 93, 65, 40, 12, 38, 82, 86, 88, 14, 24, 29, 37, 55, 53, 64, 70, 73, 51, 32, 36, 19, 11, 13]
60  60  1   []  [44, 46, 47, 38, 19, 75, 51, 99, 41, 95, 79, 58, 49, 97, 72, 0, 17, 8, 68, 23, 9, 78, 85, 2]
61  61  1   []  [56, 44, 9, 83, 55, 34, 21, 24, 92, 19, 72, 79, 84, 29, 94, 89, 33, 23, 77, 47, 71, 48, 4, 43, 56, 44, 9, 83, 55, 34, 21, 24, 92, 19, 72, 79, 84, 29, 94, 89, 33, 23, 77, 47, 71, 48, 4, 43, 56, 44, 9, 83, 55, 34, 21, 24, 92, 19, 72, 79, 84, 29, 94, 89, 33, 23, 77, 47, 71, 48, 4, 43]
62  62  1   []  [44, 38, 97, 7, 77, 85, 49, 27, 36, 67, 14, 10, 53, 26, 6, 39, 1, 37, 74, 64, 2, 71, 41, 59, 24, 43, 50]
63  63  1   []  [39, 34, 53, 15, 56, 21, 16, 60, 36, 38, 58, 99, 10, 7]
64  64  1   []  [44, 43, 30, 13, 83, 81, 15, 78, 19, 96, 9, 34, 98, 20, 1, 77, 94, 8, 17, 88, 50, 5, 49, 10, 46, 27, 66, 60, 70, 24]
65  65  1   []  [0, 61, 85, 0, 61, 85, 0, 61, 85]
66  66  1   []  [71, 49, 39, 62, 99, 12, 60, 5, 34, 20, 64, 98, 33, 22, 91, 24, 82, 35]
67  67  1   []  [53, 83, 31, 98, 51, 82, 97, 47, 2, 52, 16, 1, 5, 64, 61, 91, 39, 90, 21, 86, 34, 9, 53, 83, 31, 98, 51, 82, 97, 47, 2, 52, 16, 1, 5, 64, 61, 91, 39, 90, 21, 86, 34, 9, 53, 83, 31, 98, 51, 82, 97, 47, 2, 52, 16, 1, 5, 64, 61, 91, 39, 90, 21, 86, 34, 9]
68  68  1   []  [22, 34, 63, 31, 85, 30, 6, 55, 94, 28, 38, 58, 3, 86, 73, 35, 37, 84, 47, 83, 65, 56, 53]
69  69  1   []  [46, 76, 35, 47, 39, 37, 29, 24, 6, 13, 28, 33, 1, 46, 76, 35, 47, 39, 37, 29, 24, 6, 13, 28, 33, 1, 46, 76, 35, 47, 39, 37, 29, 24, 6, 13, 28, 33, 1]
70  70  1   []  [68, 80, 53, 88, 38, 96, 92, 82, 64, 36, 67, 37, 17, 93, 54, 49, 22, 28, 83, 44, 5, 68, 80, 53, 88, 38, 96, 92, 82, 64, 36, 67, 37, 17, 93, 54, 49, 22, 28, 83, 44, 5, 68, 80, 53, 88, 38, 96, 92, 82, 64, 36, 67, 37, 17, 93, 54, 49, 22, 28, 83, 44, 5]
71  71  1   []  [88, 80, 50, 17, 92, 8, 79, 42, 85, 9, 27, 34, 74, 55, 68, 13, 70, 73, 58, 14, 84, 99, 6, 57, 40, 46, 4, 88, 80, 50, 17, 92, 8, 79, 42, 85, 9, 27, 34, 74, 55, 68, 13, 70, 73, 58, 14, 84, 99, 6, 57, 40, 46, 4, 88, 80, 50, 17, 92, 8, 79, 42, 85, 9, 27, 34, 74, 55, 68, 13, 70, 73, 58, 14, 84, 99, 6, 57, 40, 46, 4]
72  72  1   []  [60, 40, 35, 30, 53, 54, 51, 83, 36, 68, 97, 87, 57, 27, 74, 34, 81, 14, 78, 8, 25, 19, 75, 64, 95, 47, 90, 62]
73  73  1   []  [40, 35, 12, 76, 15, 59, 51, 43, 60, 75, 5, 91]
74  74  1   []  [29, 48, 1, 88, 39, 13, 99, 33, 16, 24, 15, 90, 6, 51, 26, 5, 34, 81, 87, 57, 75, 97, 77, 61, 44, 29, 48, 1, 88, 39, 13, 99, 33, 16, 24, 15, 90, 6, 51, 26, 5, 34, 81, 87, 57, 75, 97, 77, 61, 44, 29, 48, 1, 88, 39, 13, 99, 33, 16, 24, 15, 90, 6, 51, 26, 5, 34, 81, 87, 57, 75, 97, 77, 61, 44]
75  75  1   []  [33, 92, 84, 0, 32, 53, 20, 19, 46, 33, 92, 84, 0, 32, 53, 20, 19, 46, 33, 92, 84, 0, 32, 53, 20, 19, 46]
76  76  1   []  [23, 49, 61, 83, 62, 82, 70, 95, 3, 72, 0, 10, 12, 51, 91, 67, 23, 49, 61, 83, 62, 82, 70, 95, 3, 72, 0, 10, 12, 51, 91, 67, 23, 49, 61, 83, 62, 82, 70, 95, 3, 72, 0, 10, 12, 51, 91, 67]
77  77  1   []  [5, 93, 59, 37, 22, 60]
78  78  1   []  [66, 18, 81]
79  79  1   []  [24, 52, 92, 58, 55, 51, 69, 10, 50, 88, 35, 23, 45, 93, 99, 1, 3, 29, 4, 17, 41]
80  80  1   []  [75, 73, 51, 90, 2, 68, 91, 58, 77, 63, 64, 11, 53]
81  81  1   []  [56, 16, 48, 59, 14, 75, 97, 73, 15, 86, 31, 19, 8, 82, 2, 67, 98, 90, 28, 6, 25, 78, 29, 47]
82  82  1   []  [9, 12, 71, 15, 57, 41, 0, 79, 21, 42, 55, 14]
83  83  1   []  [82, 96, 58, 2, 86, 8, 92, 63, 12, 37, 70, 4, 6, 65, 94, 32, 34, 31, 44, 52]
84  84  1   []  [5, 3, 35, 29, 85, 63, 38, 10, 93, 1, 50, 9, 45, 36, 96, 61, 54, 19, 37, 98, 62, 91, 68, 70, 77]
85  85  1   []  [86, 57, 23, 7, 67, 77, 84, 1, 99, 20, 27, 86, 57, 23, 7, 67, 77, 84, 1, 99, 20, 27, 86, 57, 23, 7, 67, 77, 84, 1, 99, 20, 27]
86  86  1   []  [62, 46, 96, 60, 19, 20, 25]
87  87  1   []  [98, 16, 72, 89, 13, 56, 38, 92, 93, 32, 85, 27, 62, 7, 86, 11, 95, 67, 40, 69, 84, 29, 59, 60, 97, 66, 83, 61]
88  88  1   []  [97, 28, 70, 0, 14, 1, 89, 22, 76, 68, 78, 52, 10, 21, 49, 3, 38, 26, 81, 90]
89  89  1   []  [54, 55, 75, 31, 99, 10, 13, 93, 36, 20, 1, 80, 33, 98, 7, 91, 56, 86, 9, 94, 8]
90  90  1   []  [4, 33, 98, 1, 41, 70, 85, 2, 63, 91, 18, 44, 12, 38, 0, 89, 28, 36, 15, 57, 87, 58, 69, 74]
91  91  1   []  [14, 25, 80, 69, 1, 50, 87, 98, 34, 97, 71, 89, 26, 11, 32, 46, 92, 10, 55]
92  92  1   []  [20, 98, 77, 45, 22, 40, 9, 30, 62, 27, 67, 68, 55, 87, 58, 16, 38, 13, 15, 74, 29, 8, 25, 23, 37]
93  93  1   []  [44, 21, 8, 7, 81, 61, 40, 96, 56, 36, 85, 49, 48, 87, 65]
94  94  1   []  [90, 25, 5, 58, 1, 78, 88, 33, 28, 24, 9, 13, 67, 84, 38, 48, 30, 11, 36, 69, 93, 52, 27, 81, 97, 41, 76, 70, 65, 49]
95  95  1   []  [77, 87, 54, 68, 58, 79, 85, 78, 72, 20, 62, 32, 57, 59, 76, 26, 35, 86, 88, 30, 42, 5, 6, 7, 69, 1]
96  96  1   []  [68, 29, 10, 44, 72, 51, 21, 95, 87, 7, 79, 14, 80, 15, 3, 65, 31, 84, 98, 8, 26, 52, 50, 0, 13, 74, 30, 40, 43, 99]
97  97  1   []  [84, 62, 75, 96, 54, 85, 66, 13, 99, 59, 19, 76, 90, 47]
98  98  1   []  [53, 46, 59, 36, 68, 4, 62, 43, 30, 86, 35, 83, 33, 18, 15, 81, 9, 58, 32, 71]
99  99  1   []  [91, 83, 15, 55, 16, 90, 37, 81, 22, 88, 38, 87, 28, 54, 92, 49, 2, 97]
100 22  0   []  [173, 113, 238, 52, 21, 163, 92, 142, 129, 71, 199, 162, 101]
101 67  0   []  [104, 194, 228, 164, 93, 58, 168, 151, 125]
102 33  0   []  [52, 144, 44, 94, 9, 1, 47, 207, 85, 147, 69]
103 58  0   []  [159, 181, 74, 46, 112, 21, 152, 62, 143]
104 60  0   []  [192]
105 96  0   []  [240, 209, 41, 112, 99, 200, 79, 115, 146, 186, 66]
106 4   0   []  [17, 236, 223, 10, 24, 83, 149, 39, 13, 118, 57, 177]
107 1   0   []  [68, 53, 143, 191, 139, 152, 181, 60, 84, 90, 145, 14, 244]
108 48  0   []  [238, 56, 158, 188]
109 9   0   []  [164, 202, 230, 5, 191, 204, 177, 75, 201, 21, 212, 133, 214]
110 28  0   []  [115, 88, 222, 18, 135, 223, 9, 239, 8, 14, 70, 103, 176, 190]
111 44  0   []  [85, 150, 133, 137, 80, 9, 22, 172, 109, 79]
112 13  0   []  [118]
113 77  0   []  [190, 30, 229, 214]
114 3   0   []  [7, 199, 123, 130, 71, 9, 39]
115 88  0   []  [3, 60, 121, 92, 37, 159, 182, 76, 58, 127, 50, 124, 235]
116 90  0   []  [200, 230, 156, 84, 67, 198, 161]
117 82  0   []  [70, 126, 215, 3, 26, 89, 206, 62, 110, 141, 143, 109, 77, 145]
118 66  0   []  [39, 205, 159, 239, 214, 1, 161, 87, 19, 223, 203, 81, 33]
119 71  0   []  [62, 53, 173, 49, 27, 165, 106, 23, 198, 231]
120 11  0   []  [233, 165, 205, 186, 185, 208, 164, 143, 75, 138, 87, 68]
121 52  0   []  [154]
122 81  0   []  [172, 116, 87]
123 44  0   []  [18, 141, 124, 131, 163, 52]
124 38  0   []  [195, 103, 83, 157, 240, 243, 162, 144, 18, 97, 47, 30, 44, 33, 121, 172, 212]
125 39  0   []  [124, 175, 0, 147, 10, 108, 77, 82, 199, 106, 13, 107]
126 56  0   []  [91, 242, 90, 4, 186, 241, 131, 216, 168, 106, 221, 107, 224, 163, 211, 26, 206, 142, 49]
127 66  0   []  [63, 76, 93, 177, 43, 149, 190, 133, 233, 106, 14, 235]
128 30  0   []  [41, 219, 209, 63, 18, 74, 66, 3, 29, 247, 221, 8, 33, 43, 26, 84, 99]
129 16  0   []  [212, 154, 103, 215, 95, 223, 72, 125, 56, 136, 122, 117, 167, 34, 229, 231, 67, 234]
130 51  0   []  [165, 153, 117, 163]
131 80  0   []  [102, 192, 90, 205, 206, 8, 69, 224, 215, 6, 152, 106, 220, 171, 92, 186, 197, 211, 139]
132 50  0   []  [12, 127]
133 77  0   []  [114, 155, 28, 123, 206, 8, 1, 177]
134 93  0   []  [52, 214, 177, 153, 137, 83, 127, 129, 121, 41, 69, 17, 0, 89]
135 98  0   []  [234, 28, 51, 130, 222, 109, 34, 7, 66, 225, 19, 146, 43, 239, 120, 230, 87, 127, 12]
136 69  0   []  [77, 95, 61, 197, 131, 220, 211, 119, 9, 18, 24, 143, 122, 187, 130]
137 24  0   []  [61]
138 46  0   []  [50, 185, 15, 186, 82, 27, 31, 113, 203, 235, 105, 133, 61, 32, 126, 129, 244, 200]
139 14  0   []  [79, 70]
140 8   0   []  [192, 173, 149, 82, 20, 215]
141 95  0   []  [35, 144, 44]
142 78  0   []  [170, 102, 38, 181, 214, 201, 89, 189, 210, 175, 93, 42, 90, 228, 86, 153]
143 27  0   []  [166, 196, 155, 244, 23, 224, 106]
144 37  0   []  [223, 110, 141, 228, 5, 79]
145 48  0   []  [100, 241, 0, 104, 165, 13, 189]
146 74  0   []  [172]
147 52  0   []  [201, 46, 239, 54, 26]
148 47  0   []  [121, 178, 197, 18, 63, 149, 143]
149 87  0   []  [169, 126]
150 1   0   []  [245, 242, 237, 175, 89, 211, 189, 108, 7, 23, 188, 67, 63, 59, 192, 29]
151 21  0   []  [130, 155, 116, 111, 220]
152 13  0   []  [83, 61, 49, 14, 95, 120, 159, 161, 147, 248, 226, 74, 214, 68, 224, 235, 104]
153 87  0   []  [17, 1, 24, 241, 202, 102, 4, 43, 87, 84, 163, 171, 147, 186, 213, 182, 168, 139]
154 86  0   []  [45, 237, 58, 121, 238, 43, 156, 40, 104]
155 60  0   []  [224, 138, 51, 18, 16, 175, 152, 169, 228, 29, 13, 238, 68, 203]
156 97  0   []  [72, 104, 234, 131, 6, 245, 198, 11, 113, 118, 108, 62, 26, 182, 248, 240]
157 89  0   []  [4, 197]
158 44  0   []  [115, 88, 136, 159, 163, 46, 54, 192, 204, 114, 31, 146, 19, 149, 57]
159 85  0   []  [29, 47, 197, 158, 230, 186, 106, 48, 122, 8, 130, 201, 37, 18]
160 3   0   []  [84, 70, 99, 228, 152, 198, 188, 71, 187, 55, 27]
161 67  0   []  [52, 33, 160, 119, 218, 12, 85, 32]
162 49  0   []  [58, 41, 186, 203, 23]
163 43  0   []  [104, 48, 181, 66, 9, 40]
164 88  0   []  [0]
165 2   0   []  [157, 188, 159, 56, 248, 63, 15, 69, 210, 123, 55, 10, 21, 62, 202, 141, 65]
166 85  0   []  [170, 154, 130, 87, 15, 106, 239, 29, 80]
167 55  0   []  [187]
168 55  0   []  [171, 198, 113, 182, 228, 49, 184, 163, 180, 129, 46, 147, 106, 194, 148, 35]
169 67  0   []  [199, 91, 80, 123, 39, 145, 57, 93, 174, 54]
170 6   0   []  [192, 230, 145, 240]
171 18  0   []  [80, 188, 2, 224, 11, 135, 173, 209, 138, 126, 157, 29, 87, 110, 162, 175, 158, 44, 94, 172]
172 64  0   []  [112, 165, 162, 216, 24, 152, 206, 192, 90, 147, 231, 66, 31, 163, 141, 233, 16, 173, 57]
173 86  0   []  [142, 42]
174 33  0   []  [185, 189, 80, 183, 69, 170, 162]
175 27  0   []  [102, 152, 131, 232, 28, 59, 146, 165, 34, 197, 166, 192, 121, 196, 224, 188]
176 6   0   []  [88, 103, 232, 48, 188, 36, 229, 8, 171, 65, 240, 145, 5, 230]
177 57  0   []  [31, 156, 46, 82, 128, 118, 115, 72, 78, 52]
178 82  0   []  [219, 47, 186, 32, 0, 77, 4, 153, 138, 151, 93, 225, 146, 65, 174, 200, 109]
179 37  0   []  [209, 125, 124, 134]
180 71  0   []  [93, 98, 118, 117, 187, 150, 87, 68, 51, 101, 244, 178, 60, 35, 78, 45, 175, 26]
181 21  0   []  [191, 56, 207, 104, 19, 147, 33, 211, 68, 230, 66, 189, 180, 16, 125]
182 44  0   []  [106, 61, 50, 172, 174, 157, 175]
183 4   0   []  [241, 98, 48, 13, 86, 204, 87, 181]
184 67  0   []  [31, 172, 71, 82, 74, 48, 232, 76, 49, 128, 160, 20, 136, 148, 79, 217, 4]
185 14  0   []  [143, 69, 29, 40, 121, 148, 190, 68, 122, 213, 94, 17, 167, 227, 212]
186 95  0   []  [23]
187 45  0   []  [30, 139, 61, 117]
188 51  0   []  [20, 161]
189 35  0   []  [149, 88, 45, 98, 198, 8, 58, 246]
190 48  0   []  [134, 238, 127, 43, 165, 71, 60, 85, 14, 147, 210, 185, 236, 234, 82, 120, 162, 180, 192]
191 98  0   []  [51, 8, 183, 83, 174, 231, 115, 161, 241, 56, 204, 89, 132]
192 67  0   []  [113, 29, 176, 124, 63, 115, 13, 74, 160, 137, 167, 163, 97, 76, 121, 191, 143, 2, 16]
193 7   0   []  [89, 50, 103, 152, 248, 31, 173, 211, 75, 219, 222, 199, 147, 12, 45, 96, 76]
194 64  0   []  [47, 129, 23, 118, 93, 157, 144, 142, 189, 150, 13, 206, 26, 39, 240, 126, 149, 128]
195 6   0   []  [88, 179, 59, 29, 204, 20, 76, 241, 233, 115, 239, 116, 97, 157, 65]
196 86  0   []  [215, 147, 152, 71]
197 50  0   []  [28, 164, 242, 90]
198 80  0   []  [139, 43, 74, 98, 214, 47, 217, 231, 136, 103, 155, 245, 158, 110, 171, 83, 146]
199 52  0   []  [165, 213, 49, 109]
200 200 0   []  [51, 5, 101, 14, 235, 46, 128, 108, 117, 198, 85, 231, 4, 39, 111, 23, 213]
201 201 0   []  [76, 67, 247, 203, 227, 93, 48, 150]
202 202 0   []  [118, 179]
203 203 0   []  [213, 90, 247, 166, 33, 171, 51, 195, 11, 189, 174, 14, 114, 103, 232]
204 204 0   []  [141, 158, 151, 224, 115, 131, 54, 95, 118, 247, 89, 21]
205 205 1   []  [197, 166]
206 206 0   []  [119, 131, 89, 52, 142, 47, 63, 235, 212, 173, 170, 153, 81, 26, 246, 57, 186]
207 207 0   []  [45, 101, 103, 195, 54]
208 208 0   []  [158, 248, 72, 80, 95, 79, 75, 96]
209 209 0   []  [50, 202, 236, 83, 146, 185, 127]
210 210 0   []  [29, 129, 0, 148, 21]
211 211 0   []  [14, 122, 15, 154, 70, 54, 173]
212 212 1   []  [202, 189, 30, 77, 153, 147, 74, 83]
213 213 0   []  [175, 11, 222, 183]
214 214 0   []  [129, 78, 164, 3, 35, 162, 226, 38, 100, 101, 7, 239, 61, 4, 41, 106, 136]
215 215 0   []  [58, 165, 77, 113, 104, 64, 210, 200]
216 216 0   []  [69, 101, 244, 123, 234, 208, 67, 99, 24, 0, 207, 232, 131, 193, 26, 116, 36, 141, 174, 61]
217 217 0   []  [41, 107, 225, 104, 54, 18, 1, 67, 93, 134, 6, 167, 53, 108, 81, 207, 127, 129, 26]
218 218 1   []  [18, 206, 70, 130, 167, 240]
219 219 0   []  [104, 19, 168, 20, 12, 42, 180, 156, 76, 200, 220, 100, 186, 106]
220 220 0   []  [44, 178, 13, 35, 214, 146, 15, 241, 181, 173, 203, 240, 17, 166]
221 221 0   []  [32, 246, 42, 94, 96, 125]
222 222 1   []  [46, 240, 57, 105, 108, 184, 7]
223 223 0   []  [97, 233, 72, 201, 28, 166]
224 224 1   []  [234]
225 225 0   []  [166, 248, 161, 174, 156, 167, 217, 165, 59, 157, 233, 182, 94, 83, 191, 146, 9, 19]
226 226 0   []  [188, 182, 136, 204, 164, 61, 19, 132, 39, 26, 177, 130, 148, 128]
227 227 0   []  [30, 163, 80, 196, 65, 72, 229, 58, 76, 134, 2, 236, 212, 33, 193]
228 228 0   []  [64, 89, 218, 28, 36, 48, 74, 106, 22, 220, 69, 113]
229 229 0   []  [214, 6, 231, 63, 145, 172, 20, 61, 188, 134, 76, 218, 13]
230 230 0   []  [233, 180]
231 231 0   []  [47, 141, 112, 188, 160, 40, 55, 37, 136, 210, 24, 123, 177, 35, 208]
232 232 0   []  [105, 42, 158, 100, 239, 92, 186, 192, 109, 40]
233 233 0   []  [180, 123, 108, 162, 202, 78, 225, 84, 77, 228, 241, 68, 216, 41]
234 234 0   []  [217, 68]
235 235 0   []  [155, 233, 247, 159]
236 236 0   []  [123, 52, 201, 192, 101, 105, 246, 244, 127, 124, 181, 108, 89]
237 237 0   []  [153, 41, 145, 102, 45, 141, 38, 207, 199, 24, 18, 191, 5]
238 238 1   []  [245, 59, 186, 66, 228, 182, 71]
239 239 0   []  [157, 65, 219, 131, 38, 72, 228, 109, 224, 227, 244]
240 240 0   []  [16, 85, 13, 126, 71, 213, 83, 149, 5, 80, 103, 142, 167, 150]
241 241 0   []  [195, 156, 3, 107, 62, 2, 179, 67, 54, 201]
242 242 0   []  [246, 234, 199, 206, 5, 205, 207, 107, 215, 152, 111, 203]
243 243 0   []  [215, 0, 131, 17, 225, 139, 188, 167, 54, 230, 29, 84, 134, 163, 64, 50, 247, 21, 173, 204]
244 244 0   []  [19, 140, 125, 97, 161, 213, 32, 8, 180]
245 245 0   []  [139, 83, 234, 183, 185, 236, 91, 226, 115, 133, 218, 66, 173, 228, 25]
246 246 0   []  [110, 128, 29, 129, 177, 90, 218, 13, 143, 243, 190, 222, 43, 186, 3, 50, 58]
247 247 0   []  [141, 27, 170, 151, 215, 139, 214, 9]
248 248 0   []  [149, 218, 13, 223, 240, 210, 87, 133, 214, 62, 120, 165, 25, 54]
249 249 0   []  [63, 10, 231, 0, 157, 83, 219, 27, 40, 244, 206, 80, 17, 73]
