===================================

Generation 0 

 g = 0
new geneScore = 1271.0

 g = 100
new geneScore = 48.0

 g = 200
new geneScore = 54.0

 g = 300
new geneScore = 30.0

 g = 400
new geneScore = 52.0

 g = 500
new geneScore = 97.0

BEST SCORE: 14.0
0   0   1   []  [99, 61, 10, 21, 43, 69, 40, 86, 6, 84, 77, 7, 42, 63, 80, 83, 72, 14, 38, 62, 59, 64, 57, 55, 88, 8, 58]
1   1   1   []  [30, 79, 16, 36, 39, 7, 91, 49, 33, 67, 90, 42, 30, 79, 16, 36, 39, 7, 91, 49, 33, 67, 90, 42, 30, 79, 16, 36, 39, 7, 91, 49, 33, 67, 90, 42, 30, 79, 16, 36, 39, 7, 91, 49, 33, 67, 90, 42]
2   2   1   []  [10, 29, 18, 82, 53, 3, 59, 5, 44, 24, 70, 97, 47, 17, 50, 78, 73, 65, 40, 25, 12, 90, 46, 71, 1, 87, 93, 30, 41, 10, 29, 18, 82, 53, 3, 59, 5, 44, 24, 70, 97, 47, 17, 50, 78, 73, 65, 40, 25, 12, 90, 46, 71, 1, 87, 93, 30, 41, 10, 29, 18, 82, 53, 3, 59, 5, 44, 24, 70, 97, 47, 17, 50, 78, 73, 65, 40, 25, 12, 90, 46, 71, 1, 87, 93, 30, 41, 10, 29, 18, 82, 53, 3, 59, 5, 44, 24, 70, 97, 47, 17, 50, 78, 73, 65, 40, 25, 12, 90, 46, 71, 1, 87, 93, 30, 41]
3   3   1   []  [30, 85, 24, 19, 84, 27, 75, 97, 23, 11, 99, 40, 68, 39, 72, 26, 59, 61, 93]
4   4   1   []  [81, 72, 96, 44, 59, 92, 74, 35, 28, 36, 49, 68, 81, 72, 96, 44, 59, 92, 74, 35, 28, 36, 49, 68, 81, 72, 96, 44, 59, 92, 74, 35, 28, 36, 49, 68, 81, 72, 96, 44, 59, 92, 74, 35, 28, 36, 49, 68]
5   5   1   []  [44, 15, 4, 97, 7, 1, 2, 20, 27, 85, 67, 43, 79, 94, 88, 61, 78, 21, 29, 87, 35, 55, 82, 51, 31, 52, 44, 15, 4, 97, 7, 1, 2, 20, 27, 85, 67, 43, 79, 94, 88, 61, 78, 21, 29, 87, 35, 55, 82, 51, 31, 52, 44, 15, 4, 97, 7, 1, 2, 20, 27, 85, 67, 43, 79, 94, 88, 61, 78, 21, 29, 87, 35, 55, 82, 51, 31, 52, 44, 15, 4, 97, 7, 1, 2, 20, 27, 85, 67, 43, 79, 94, 88, 61, 78, 21, 29, 87, 35, 55, 82, 51, 31, 52, 44, 15, 4, 97, 7, 1, 2, 20, 27, 85, 67, 43, 79, 94, 88, 61, 78, 21, 29, 87, 35, 55, 82, 51, 31, 52, 44, 15, 4, 97, 7, 1, 2, 20, 27, 85, 67, 43, 79, 94, 88, 61, 78, 21, 29, 87, 35, 55, 82, 51, 31, 52, 44, 15, 4, 97, 7, 1, 2, 20, 27, 85, 67, 43, 79, 94, 88, 61, 78, 21, 29, 87, 35, 55, 82, 51, 31, 52, 44, 15, 4, 97, 7, 1, 2, 20, 27, 85, 67, 43, 79, 94, 88, 61, 78, 21, 29, 87, 35, 55, 82, 51, 31, 52, 44, 15, 4, 97, 7, 1, 2, 20, 27, 85, 67, 43, 79, 94, 88, 61, 78, 21, 29, 87, 35, 55, 82, 51, 31, 52, 44, 15, 4, 97, 7, 1, 2, 20, 27, 85, 67, 43, 79, 94, 88, 61, 78, 21, 29, 87, 35, 55, 82, 51, 31, 52, 44, 15, 4, 97, 7, 1, 2, 20, 27, 85, 67, 43, 79, 94, 88, 61, 78, 21, 29, 87, 35, 55, 82, 51, 31, 52, 44, 15, 4, 97, 7, 1, 2, 20, 27, 85, 67, 43, 79, 94, 88, 61, 78, 21, 29, 87, 35, 55, 82, 51, 31, 52, 44, 15, 4, 97, 7, 1, 2, 20, 27, 85, 67, 43, 79, 94, 88, 61, 78, 21, 29, 87, 35, 55, 82, 51, 31, 52, 44, 15, 4, 97, 7, 1, 2, 20, 27, 85, 67, 43, 79, 94, 88, 61, 78, 21, 29, 87, 35, 55, 82, 51, 31, 52, 44, 15, 4, 97, 7, 1, 2, 20, 27, 85, 67, 43, 79, 94, 88, 61, 78, 21, 29, 87, 35, 55, 82, 51, 31, 52, 44, 15, 4, 97, 7, 1, 2, 20, 27, 85, 67, 43, 79, 94, 88, 61, 78, 21, 29, 87, 35, 55, 82, 51, 31, 52, 44, 15, 4, 97, 7, 1, 2, 20, 27, 85, 67, 43, 79, 94, 88, 61, 78, 21, 29, 87, 35, 55, 82, 51, 31, 52, 44, 15, 4, 97, 7, 1, 2, 20, 27, 85, 67, 43, 79, 94, 88, 61, 78, 21, 29, 87, 35, 55, 82, 51, 31, 52, 44, 15, 4, 97, 7, 1, 2, 20, 27, 85, 67, 43, 79, 94, 88, 61, 78, 21, 29, 87, 35, 55, 82, 51, 31, 52, 44, 15, 4, 97, 7, 1, 2, 20, 27, 85, 67, 43, 79, 94, 88, 61, 78, 21, 29, 87, 35, 55, 82, 51, 31, 52]
6   6   1   []  [23, 98, 84, 1, 2, 28, 65, 38, 47, 52, 12, 13, 8]
7   7   1   []  [89, 73, 77, 63, 82, 70, 4, 24, 39, 12, 79, 64, 40, 80, 92, 95, 75, 15, 45, 31, 35, 22, 86, 46, 2, 68, 84, 90, 94, 89, 73, 77, 63, 82, 70, 4, 24, 39, 12, 79, 64, 40, 80, 92, 95, 75, 15, 45, 31, 35, 22, 86, 46, 2, 68, 84, 90, 94, 89, 73, 77, 63, 82, 70, 4, 24, 39, 12, 79, 64, 40, 80, 92, 95, 75, 15, 45, 31, 35, 22, 86, 46, 2, 68, 84, 90, 94, 89, 73, 77, 63, 82, 70, 4, 24, 39, 12, 79, 64, 40, 80, 92, 95, 75, 15, 45, 31, 35, 22, 86, 46, 2, 68, 84, 90, 94]
8   8   1   []  [14, 26, 21, 28, 2, 33, 48, 34, 81, 5, 13, 86, 83, 96, 99, 90, 52, 80, 23, 59, 39, 63, 27, 10, 88, 91, 55]
9   9   1   []  [7, 73, 68, 20, 91, 11, 39, 52, 51, 12, 16, 81, 2, 23, 29, 4, 76, 67, 58, 32, 34, 26, 57, 97, 28, 5, 61, 49, 21, 60]
10  10  1   []  [49, 62, 31, 48, 13, 96, 70, 26, 65, 43, 6, 42, 34, 72, 74, 12, 94, 30, 50, 3, 51, 21, 83]
11  11  1   []  [54]
12  12  1   []  [70, 40, 44, 51, 65, 46]
13  13  1   []  [66, 36, 12, 79, 29, 20, 51, 21, 94, 37, 67, 14, 26, 50, 45, 18, 47, 71]
14  14  1   []  [91, 74, 29, 78, 69, 32, 12, 20, 3, 96, 79, 38, 30, 71]
15  15  1   []  [52, 97, 34, 49, 18, 61, 46, 32, 19, 1, 20, 68, 85, 45, 12, 67, 55, 8, 96, 50, 37, 44, 52, 97, 34, 49, 18, 61, 46, 32, 19, 1, 20, 68, 85, 45, 12, 67, 55, 8, 96, 50, 37, 44, 52, 97, 34, 49, 18, 61, 46, 32, 19, 1, 20, 68, 85, 45, 12, 67, 55, 8, 96, 50, 37, 44, 52, 97, 34, 49, 18, 61, 46, 32, 19, 1, 20, 68, 85, 45, 12, 67, 55, 8, 96, 50, 37, 44]
16  16  1   []  [26, 46, 56, 97, 96, 69, 47, 31, 7, 43, 78, 27, 1, 93, 38]
17  17  1   []  [97, 7, 86, 81, 87, 70, 64, 63, 90, 82, 3, 80, 37, 72, 36, 23, 35]
18  18  1   []  [20, 57]
19  19  1   []  [27, 45, 63, 13, 62, 53, 23, 58, 85, 28, 51, 67, 59, 72, 50, 76, 1, 9, 46, 12, 31, 79, 4, 73, 87, 34, 80, 8]
20  20  1   []  [27, 34, 38, 91, 56, 10, 25, 37, 44, 27, 34, 38, 91, 56, 10, 25, 37, 44, 27, 34, 38, 91, 56, 10, 25, 37, 44, 27, 34, 38, 91, 56, 10, 25, 37, 44]
21  21  1   []  [94, 18, 38, 7, 16, 78, 24, 83, 30, 40, 57, 92, 26, 11, 87, 29, 47, 8, 20, 27, 94, 18, 38, 7, 16, 78, 24, 83, 30, 40, 57, 92, 26, 11, 87, 29, 47, 8, 20, 27, 94, 18, 38, 7, 16, 78, 24, 83, 30, 40, 57, 92, 26, 11, 87, 29, 47, 8, 20, 27, 94, 18, 38, 7, 16, 78, 24, 83, 30, 40, 57, 92, 26, 11, 87, 29, 47, 8, 20, 27]
22  22  1   []  [36, 88]
23  23  1   []  [57, 87, 29, 4, 40, 88, 30, 31, 52, 91, 84, 0, 21, 97, 3, 55]
24  24  1   []  [63, 93, 43, 42, 19, 29, 26, 27, 37, 14, 41]
25  25  1   []  [28, 26, 43, 29, 62, 4, 33, 18, 24, 27, 34, 13, 82, 44, 14, 55, 20, 68, 77, 65, 49, 37, 99, 52, 61, 64, 81, 45]
26  26  1   []  [47, 55, 29, 20, 43]
27  27  1   []  [3, 55, 17, 80, 56, 53, 82, 41, 3, 55, 17, 80, 56, 53, 82, 41, 3, 55, 17, 80, 56, 53, 82, 41, 3, 55, 17, 80, 56, 53, 82, 41]
28  28  1   []  [43, 18, 58, 78, 7, 52, 3, 54, 84]
29  29  1   []  [25, 64, 86, 77, 13, 88, 76, 53, 60, 32, 56, 22, 33, 97, 6, 0, 9, 71, 55, 39, 41, 79, 25, 64, 86, 77, 13, 88, 76, 53, 60, 32, 56, 22, 33, 97, 6, 0, 9, 71, 55, 39, 41, 79, 25, 64, 86, 77, 13, 88, 76, 53, 60, 32, 56, 22, 33, 97, 6, 0, 9, 71, 55, 39, 41, 79, 25, 64, 86, 77, 13, 88, 76, 53, 60, 32, 56, 22, 33, 97, 6, 0, 9, 71, 55, 39, 41, 79]
30  30  1   []  [57, 94, 71, 98, 42, 89, 39, 48, 70, 53]
31  31  1   []  [72, 3, 45, 33, 74, 49, 43, 73, 54, 90, 0, 22, 93, 44, 85, 42, 24, 72, 3, 45, 33, 74, 49, 43, 73, 54, 90, 0, 22, 93, 44, 85, 42, 24, 72, 3, 45, 33, 74, 49, 43, 73, 54, 90, 0, 22, 93, 44, 85, 42, 24, 72, 3, 45, 33, 74, 49, 43, 73, 54, 90, 0, 22, 93, 44, 85, 42, 24]
32  32  1   []  [38, 50, 65, 34, 76, 96, 44, 19, 82, 57, 69, 52, 35, 58, 27, 20, 89, 6, 56]
33  33  1   []  [24, 69, 20, 12, 83, 51, 92, 99, 81, 96, 37, 16, 72, 8, 22, 15, 77, 71, 26, 49, 73, 43, 41, 86, 29, 84]
34  34  1   []  [65, 57, 19, 99, 12, 1, 80, 49, 91, 78, 51, 71]
35  35  1   []  [49, 56, 87, 6, 77, 32, 19, 36, 1, 20, 17, 41, 49, 56, 87, 6, 77, 32, 19, 36, 1, 20, 17, 41, 49, 56, 87, 6, 77, 32, 19, 36, 1, 20, 17, 41, 49, 56, 87, 6, 77, 32, 19, 36, 1, 20, 17, 41]
36  36  1   []  [81, 56, 29, 7, 33]
37  37  1   []  [50, 28, 89, 17, 66, 0, 91, 12, 75, 88, 95, 3, 82, 5, 48, 77, 21, 34, 25, 96, 35, 42, 49, 19, 9, 73, 1]
38  38  1   []  [24, 8, 88, 51, 76, 98, 89, 82, 17, 53, 55, 87, 4, 35, 36, 85, 95, 54, 56]
39  39  1   []  [33, 80, 50, 49, 95, 20, 16, 76, 91, 71, 88, 61, 42, 48, 13, 10, 66, 92, 60, 44, 27, 24, 55, 82, 73, 47, 77, 57, 23]
40  40  1   []  [43, 46, 74, 2, 72, 34, 58, 77, 41, 68, 12, 27, 55]
41  41  1   []  [55, 76, 98, 6, 31, 36, 54, 18, 90, 32, 81, 96, 97]
42  42  1   []  [37, 52, 90, 7, 65, 12, 75, 86, 93, 44, 30, 83]
43  43  1   []  [45, 65, 58, 46, 25, 89, 45, 65, 58, 46, 25, 89, 45, 65, 58, 46, 25, 89, 45, 65, 58, 46, 25, 89]
44  44  1   []  [97, 47, 72, 60, 90, 12, 41, 97, 47, 72, 60, 90, 12, 41, 97, 47, 72, 60, 90, 12, 41, 97, 47, 72, 60, 90, 12, 41]
45  45  1   []  [40, 76, 54, 88, 78]
46  46  1   []  [6, 50, 56, 66, 5, 80, 85, 23, 17, 31, 47, 74, 88, 36, 79, 81, 34, 7, 73, 61, 18, 24, 58, 83]
47  47  1   []  [42, 36, 50, 90, 19, 98, 99, 1, 69, 61, 62, 31, 92]
48  48  1   []  [78]
49  49  1   []  [64, 10, 60, 85, 78, 26]
50  50  1   []  [66, 91, 21, 79, 46, 92, 39, 36, 83, 68, 87, 33, 20, 14, 67, 19, 38, 30]
51  51  1   []  [83, 98, 8, 17, 20, 5, 88, 24, 2, 67, 37, 45, 28, 15, 12, 87, 81, 16, 0, 83, 98, 8, 17, 20, 5, 88, 24, 2, 67, 37, 45, 28, 15, 12, 87, 81, 16, 0, 83, 98, 8, 17, 20, 5, 88, 24, 2, 67, 37, 45, 28, 15, 12, 87, 81, 16, 0, 83, 98, 8, 17, 20, 5, 88, 24, 2, 67, 37, 45, 28, 15, 12, 87, 81, 16, 0]
52  52  1   []  [38, 77, 35, 59, 5, 71, 96, 91, 57, 1, 65, 98, 92, 44, 49, 90, 47, 17, 32, 83, 60, 55, 13, 53, 82, 15, 42, 87, 38, 77, 35, 59, 5, 71, 96, 91, 57, 1, 65, 98, 92, 44, 49, 90, 47, 17, 32, 83, 60, 55, 13, 53, 82, 15, 42, 87, 38, 77, 35, 59, 5, 71, 96, 91, 57, 1, 65, 98, 92, 44, 49, 90, 47, 17, 32, 83, 60, 55, 13, 53, 82, 15, 42, 87, 38, 77, 35, 59, 5, 71, 96, 91, 57, 1, 65, 98, 92, 44, 49, 90, 47, 17, 32, 83, 60, 55, 13, 53, 82, 15, 42, 87]
53  53  1   []  [40, 51, 78, 79, 93, 23, 90, 38, 31, 70, 71, 67, 88, 44, 35, 46, 50, 82, 89, 11, 9, 34, 3, 33, 80, 94, 37, 95, 45]
54  54  1   []  [49, 9, 78, 41, 70, 85, 22, 81, 64, 79, 77, 57, 66, 19, 80, 7, 75, 45, 2, 65]
55  55  1   []  [30, 52, 59, 77, 46, 43, 1, 14, 67, 16, 32, 30, 52, 59, 77, 46, 43, 1, 14, 67, 16, 32, 30, 52, 59, 77, 46, 43, 1, 14, 67, 16, 32, 30, 52, 59, 77, 46, 43, 1, 14, 67, 16, 32]
56  56  1   []  [33, 62]
57  57  1   []  [53, 89, 16, 38, 52, 13, 29, 82, 23, 95, 24, 66, 86, 45, 56, 8, 39, 69, 80]
58  58  1   []  [13, 28, 61, 66, 91, 79, 64, 18, 26, 96, 0, 8, 67, 39, 59, 5, 71, 85, 16, 52, 2, 12]
59  59  1   []  [51, 88, 97, 63, 42, 56, 87, 50, 84, 43, 60, 34, 16, 58, 80, 40, 29, 25]
60  60  1   []  [59, 11, 77, 29, 91, 50, 51, 54, 75, 52, 27, 61, 85, 8, 15, 57, 4, 35, 14, 12, 78, 22, 23, 79, 93, 99, 21]
61  61  1   []  [74, 27, 42, 34, 50, 74, 27, 42, 34, 50, 74, 27, 42, 34, 50, 74, 27, 42, 34, 50]
62  62  1   []  [80, 11, 52, 14, 29, 54, 94, 87, 97, 61, 28, 63, 98, 60, 45, 18, 72, 65, 16, 33, 78, 69, 39, 56]
63  63  1   []  [3, 57, 83, 28, 15, 99, 0, 38, 82, 81, 73, 10]
64  64  1   []  [29, 9, 27, 49, 61, 35, 30, 17, 62]
65  65  1   []  [79, 25, 95, 51, 97, 13, 84, 70, 28, 57, 23, 29, 45, 81, 9, 14, 60, 76, 37, 39, 40, 56, 98]
66  66  1   []  [70, 45, 67, 20, 36, 2, 55, 7, 32, 54, 19, 92, 96, 71, 50, 85, 21, 9, 61, 53, 44, 89, 24, 26, 23, 0]
67  67  1   []  [59, 88, 38, 25, 79, 74, 78, 59, 88, 38, 25, 79, 74, 78, 59, 88, 38, 25, 79, 74, 78, 59, 88, 38, 25, 79, 74, 78]
68  68  1   []  [71, 96, 7, 0, 19, 90, 46, 3, 73, 66, 97, 12, 4, 13, 40]
69  69  1   []  [91, 39, 68, 66, 87]
70  70  1   []  [4, 98, 64, 94, 60]
71  71  1   []  [80, 94, 72, 10, 79, 67, 20, 49, 74, 14, 43]
72  72  1   []  [63, 36, 42, 93, 4, 84, 16, 0, 86, 20, 35, 50, 9, 75, 7, 51, 48, 33]
73  73  1   []  [63, 0, 69, 49, 80, 46, 12]
74  74  1   []  [80, 48, 97]
75  75  1   []  [82, 62, 2, 81, 56, 54]
76  76  1   []  [47, 64, 52, 27, 75, 63, 55, 51, 66, 33, 74, 68, 0, 17, 18, 36]
77  77  1   []  [34, 35, 72, 86]
78  78  1   []  [57, 15, 79, 90, 64, 45, 30, 95, 37, 41, 57, 15, 79, 90, 64, 45, 30, 95, 37, 41, 57, 15, 79, 90, 64, 45, 30, 95, 37, 41, 57, 15, 79, 90, 64, 45, 30, 95, 37, 41]
79  79  1   []  [12, 69, 12, 69, 12, 69, 12, 69]
80  80  1   []  [89, 29, 32, 7, 28, 49, 12, 41, 67, 65, 74, 63]
81  81  1   []  [22, 9, 64, 42, 38, 1, 25, 56, 44]
82  82  1   []  [24, 23, 7, 99, 24, 23, 7, 99, 24, 23, 7, 99, 24, 23, 7, 99]
83  83  1   []  [1, 67, 99, 87, 58, 72, 69, 46, 90, 0, 81, 63, 94, 34, 13, 2, 39, 40, 50, 92, 65, 77, 15, 10, 60, 66, 4, 68, 80]
84  84  1   []  [96, 62, 16]
85  85  1   []  [23, 41, 14, 67, 42, 22, 82, 5, 0, 43, 54, 13, 90, 52, 1, 30, 18, 80, 28, 91, 65, 46, 23, 41, 14, 67, 42, 22, 82, 5, 0, 43, 54, 13, 90, 52, 1, 30, 18, 80, 28, 91, 65, 46, 23, 41, 14, 67, 42, 22, 82, 5, 0, 43, 54, 13, 90, 52, 1, 30, 18, 80, 28, 91, 65, 46, 23, 41, 14, 67, 42, 22, 82, 5, 0, 43, 54, 13, 90, 52, 1, 30, 18, 80, 28, 91, 65, 46]
86  86  1   []  [78, 89, 87, 34, 75, 74, 67, 81, 71, 27, 92]
87  87  1   []  [45, 22, 40, 92, 0, 72, 38, 83, 58, 48, 86, 89, 5, 99, 1, 18, 62, 93, 66, 8, 81, 20, 50, 79, 45, 22, 40, 92, 0, 72, 38, 83, 58, 48, 86, 89, 5, 99, 1, 18, 62, 93, 66, 8, 81, 20, 50, 79, 45, 22, 40, 92, 0, 72, 38, 83, 58, 48, 86, 89, 5, 99, 1, 18, 62, 93, 66, 8, 81, 20, 50, 79, 45, 22, 40, 92, 0, 72, 38, 83, 58, 48, 86, 89, 5, 99, 1, 18, 62, 93, 66, 8, 81, 20, 50, 79]
88  88  1   []  [70, 52, 46, 73, 30, 54, 35, 39, 85, 68, 91, 21, 59, 13, 63, 36, 8, 22, 65, 62, 94, 55, 3, 28, 70, 52, 46, 73, 30, 54, 35, 39, 85, 68, 91, 21, 59, 13, 63, 36, 8, 22, 65, 62, 94, 55, 3, 28, 70, 52, 46, 73, 30, 54, 35, 39, 85, 68, 91, 21, 59, 13, 63, 36, 8, 22, 65, 62, 94, 55, 3, 28, 70, 52, 46, 73, 30, 54, 35, 39, 85, 68, 91, 21, 59, 13, 63, 36, 8, 22, 65, 62, 94, 55, 3, 28]
89  89  1   []  [80, 29, 71, 0, 97, 60, 33, 12, 9, 22, 54, 55]
90  90  1   []  [48, 68, 38, 70, 54, 32, 41, 51, 97, 77, 19, 15, 91, 85, 52, 89, 2, 42, 20]
91  91  1   []  [2, 67, 92, 62, 34, 9, 74, 40, 69, 77, 37, 4, 26]
92  92  1   []  [21, 78, 58, 6, 93, 14, 49, 18, 57, 45, 43, 71, 82, 2, 83, 97, 85]
93  93  1   []  [16]
94  94  1   []  [12, 64, 8, 22, 92, 49, 74, 21, 43, 37, 98, 80, 4, 41, 29, 95, 7, 78, 90, 46, 17, 1, 12, 64, 8, 22, 92, 49, 74, 21, 43, 37, 98, 80, 4, 41, 29, 95, 7, 78, 90, 46, 17, 1, 12, 64, 8, 22, 92, 49, 74, 21, 43, 37, 98, 80, 4, 41, 29, 95, 7, 78, 90, 46, 17, 1, 12, 64, 8, 22, 92, 49, 74, 21, 43, 37, 98, 80, 4, 41, 29, 95, 7, 78, 90, 46, 17, 1]
95  95  1   []  [3, 68, 33, 75, 83, 43, 39, 80, 26, 10, 31, 25, 36, 17, 23, 91, 24]
96  96  1   []  [85, 21, 99, 82, 11, 38, 93, 73, 94, 27, 83, 75, 6, 62, 33, 55, 72, 54, 28]
97  97  1   []  [56, 96, 4, 5, 83, 90, 77, 48, 89, 56, 96, 4, 5, 83, 90, 77, 48, 89, 56, 96, 4, 5, 83, 90, 77, 48, 89, 56, 96, 4, 5, 83, 90, 77, 48, 89]
98  98  1   []  [27, 30, 2, 44, 59]
99  99  1   []  [22, 9, 46, 90, 61, 78, 58, 88, 59, 31, 33, 15, 51, 94, 20, 37, 12, 23, 43, 54, 53, 28, 73, 1, 42, 72, 39, 44]
100 12  0   []  [206, 203, 176, 6, 8, 102, 17, 87, 143]
101 76  0   []  [223, 23, 122, 48, 210, 143, 103, 22, 197, 60, 107, 93, 213, 96, 196]
102 48  0   []  [26]
103 51  0   []  [177, 223, 6, 73, 152, 137, 131, 235, 74, 27]
104 24  0   []  [128, 101, 59]
105 50  0   []  [42, 162, 79, 130, 57, 112, 176, 219, 159, 184]
106 52  0   []  [12]
107 37  0   []  [14, 220, 186, 91, 60, 209, 63, 64, 18, 247, 88]
108 48  0   []  [154, 97, 188, 113, 111, 115, 182, 104, 210, 236, 144, 248, 26, 32, 60, 33, 155, 193]
109 35  0   []  [28, 31, 249, 83, 94, 24, 158, 81, 224, 67, 127]
110 63  0   []  [206, 145, 62, 121, 30, 151]
111 53  0   []  [248, 215, 38, 200, 150, 177, 28, 9, 113, 211, 48, 93, 231, 167, 40]
112 50  0   []  [48, 32, 181, 162, 107, 22, 222, 26, 233, 200, 99, 247, 161, 111, 40, 230, 115, 237, 30]
113 9   0   []  [35, 180, 81, 224, 157, 79, 200]
114 73  0   []  [158]
115 53  0   []  [31, 84, 236, 239, 235, 131, 173, 151, 4, 138, 85, 27]
116 64  0   []  [52, 47, 174, 226, 182, 98]
117 10  0   []  [88, 145, 103, 41, 111, 233, 193, 115, 57, 157, 114, 156, 59, 0, 73, 3, 131, 52, 164, 139]
118 97  0   []  [43, 158, 96, 89, 248, 204, 22, 74, 32, 63, 117]
119 34  0   []  [47, 172, 59, 165, 122, 114]
120 30  0   []  [161, 116]
121 26  0   []  [85, 206, 50, 9, 95, 109, 103, 163, 107]
122 84  0   []  [8, 37, 62, 130, 135]
123 23  0   []  [115, 138, 132, 150, 77, 124, 53, 176, 93, 110]
124 11  0   []  [27, 39, 174, 90, 82, 183, 5, 38, 54, 134, 6, 74, 119, 56, 190, 235, 78, 45]
125 79  0   []  [42, 237, 30, 45, 88, 72, 37, 197, 49, 43, 97]
126 7   0   []  [91, 22, 181, 134, 77]
127 5   0   []  [47, 140, 228, 101, 221, 76, 65, 205, 68, 0, 120, 126]
128 16  0   []  [192, 218, 36, 133]
129 89  0   []  [199, 234, 221, 27, 134, 87, 11, 172, 232, 2]
130 29  0   []  [68, 78, 213, 11, 60, 172, 185, 230, 150, 111]
131 87  0   []  [153, 166, 127, 73, 237, 35, 44, 113, 84, 148, 90, 209, 202, 162, 191, 150, 195]
132 55  0   []  [216, 146, 52, 208, 40, 97, 61, 36]
133 54  0   []  [92, 243, 173, 91, 66, 132, 28, 188, 100, 33, 56, 187, 97, 89, 129, 101, 68, 34, 136, 62]
134 1   0   []  [24, 166, 66, 113, 199, 4, 1, 13, 198, 60]
135 38  0   []  [227, 95, 100, 35, 197, 193, 247]
136 23  0   []  [155, 106]
137 92  0   []  [69, 219, 209, 156, 155, 17, 101, 4, 233, 75]
138 63  0   []  [246, 156, 150, 185, 27, 127, 3, 21, 105, 53, 162, 42, 231, 244, 174, 112, 66, 34, 234, 176]
139 46  0   []  [237, 216, 182, 185, 130, 214]
140 84  0   []  [239, 103, 27, 247, 65, 1, 177, 198, 144, 52, 98, 75, 41, 25, 199, 33, 154, 97, 214, 77]
141 29  0   []  [131, 185, 118, 54, 230, 201, 106, 83, 40, 74, 114, 128, 159, 31, 193, 112]
142 39  0   []  [39, 157, 191, 242, 108, 219, 66, 113, 33, 143, 111, 193, 227, 120, 57]
143 13  0   []  [140, 170, 105, 137]
144 71  0   []  [229, 114, 24, 245]
145 20  0   []  [50, 234, 30, 215, 19, 223, 28, 20]
146 22  0   []  [248, 167, 208, 39]
147 86  0   []  [190, 23, 175, 33, 70, 197, 126, 187, 35, 133, 29, 140, 30, 237]
148 83  0   []  [12, 138, 114, 77, 38, 5, 62, 101, 219, 79, 217, 37, 208, 177, 88, 166, 158, 223, 184, 185]
149 52  0   []  [17, 188, 2, 171, 60, 30, 128, 14, 132, 224, 221, 229, 86, 101, 209, 198, 27, 131]
150 95  0   []  [165, 197]
151 99  0   []  [129, 27, 32, 205, 78, 54, 214, 178, 170, 218, 16, 105, 104, 34, 186, 25, 200, 179, 66, 249]
152 0   0   []  [55, 246, 179, 59]
153 4   0   []  [158, 95, 151, 56, 19, 133, 13]
154 4   0   []  [75, 70, 158, 78, 146, 56, 103, 183, 233, 36, 62, 41]
155 4   0   []  [14, 170, 28, 144, 1, 46, 212, 140, 156, 169, 194, 4, 7, 222]
156 97  0   []  [36, 91, 45, 53, 34, 174, 166, 5, 145, 133, 78, 241, 165, 73, 74, 198, 176, 146, 153, 7]
157 63  0   []  [238, 199, 134, 146, 102, 173, 32, 144, 148, 30, 114, 110, 94, 171, 128, 207, 104, 212, 211]
158 48  0   []  [145, 70, 196, 217, 24, 105, 19, 244]
159 48  0   []  [21, 230, 140, 115, 246]
160 83  0   []  [155, 85, 104, 130, 229, 141, 232, 167, 52, 225, 115, 157]
161 88  0   []  [84, 120, 47, 41, 185, 97, 153, 94, 44, 25, 39, 90, 219, 51]
162 1   0   []  [218, 27, 226, 1, 217, 26, 231, 33]
163 32  0   []  [69, 183, 180, 120, 195, 200, 15, 115, 197, 9, 203, 144, 28, 59, 138, 53]
164 30  0   []  [234, 197, 13, 22, 187, 51, 18]
165 36  0   []  [225, 81, 48, 84, 20, 155, 188, 130, 66, 7, 103, 214, 191]
166 91  0   []  [220, 234, 29, 90, 179, 25, 238, 14, 106, 142, 81, 66, 20]
167 40  0   []  [109, 112, 131, 63, 165]
168 23  0   []  [216, 242, 83, 65, 227, 239, 170, 13, 5, 135, 76, 73, 219, 27, 143, 226, 51, 234]
169 25  0   []  [180, 181, 248, 247, 191, 226, 70, 92, 101, 119, 216, 50]
170 60  0   []  [0, 45, 73, 130, 89, 148]
171 11  0   []  [58, 170, 144, 72, 89, 78]
172 56  0   []  [239, 110, 60, 198, 241, 166, 74, 189, 194, 23, 208, 134, 95, 154, 138]
173 25  0   []  [43, 95, 115, 138, 40, 10, 74, 205, 203, 20, 178, 117, 182, 23]
174 63  0   []  [218, 104, 93, 99, 242, 23, 164, 102, 178, 202, 38]
175 56  0   []  [83, 114, 233, 60, 55, 183]
176 40  0   []  [3, 54]
177 46  0   []  [138, 10, 15, 201, 44, 99, 68, 161, 52, 175, 156, 72, 184, 110]
178 99  0   []  [224, 179, 168, 24, 122, 93, 0, 128, 8, 3, 92, 139, 143, 69, 145, 27, 48, 222, 150]
179 24  0   []  [198, 31, 165, 211, 96, 215, 16, 208, 174, 241, 141, 103, 222, 35]
180 36  0   []  [130, 195, 13, 186]
181 95  0   []  [90, 153]
182 59  0   []  [136, 195, 60, 64, 105, 18, 116, 145, 207, 24]
183 98  0   []  [37, 160, 214]
184 21  0   []  [164, 221, 171, 225, 124, 76, 29, 233, 210, 203, 138]
185 87  0   []  [247, 233, 83, 178, 148]
186 44  0   []  [6, 90, 173, 235, 15, 4, 118, 13, 62, 89, 68, 21, 180, 188, 55]
187 12  0   []  [147, 119, 183, 107, 111, 101, 215, 67, 113, 64, 172, 85, 221, 244, 207, 241]
188 73  0   []  [241, 37, 22, 154, 24, 2, 116, 66, 181, 133, 38, 58, 67, 121, 186, 82, 197, 204, 129, 248]
189 71  0   []  [107, 113, 45, 167, 28, 51, 115, 195, 235, 17, 179, 102, 15, 31, 203, 140]
190 40  0   []  [105, 237, 170, 225]
191 26  0   []  [11, 69, 51, 30, 138, 21, 124, 83]
192 22  0   []  [37, 114, 234]
193 79  0   []  [117, 121, 41, 14, 192, 130]
194 18  0   []  [50, 26, 205, 126, 231, 27, 214]
195 82  0   []  [199, 74, 122, 121, 94, 212, 81, 228, 222]
196 85  0   []  [111, 125, 8, 32, 197, 213, 130, 54, 108, 229, 14, 143, 10, 118, 86, 110, 73, 21]
197 49  0   []  [31, 146, 5, 109, 80, 174, 59, 145, 102, 52, 201, 67, 163, 225, 90, 200]
198 31  0   []  [127, 217]
199 74  0   []  [52, 74, 95, 28, 135, 97, 201, 232, 4, 76, 230, 66, 102, 174, 86, 168, 115, 194, 134, 32]
200 200 1   []  [119, 75, 148, 96, 107, 230, 49, 85, 244, 32, 153, 137]
201 201 0   []  [75, 168, 64, 105, 135, 161, 33]
202 202 0   []  [125, 217, 238, 165, 171, 147, 55]
203 203 0   []  [94, 205, 59, 180, 226, 108, 106, 30, 248, 31, 140, 177, 207, 99, 154, 28, 188, 126, 26, 139]
204 204 0   []  [128, 3, 234, 142, 78, 121, 189, 91, 134, 233, 86, 177, 90, 130, 19, 230, 119, 163]
205 205 0   []  [81, 195, 132, 193, 19]
206 206 0   []  [127, 133, 135, 70, 203, 77, 147, 118, 172, 10, 137, 90, 205]
207 207 0   []  [104, 83, 242, 150, 47, 158, 74, 105]
208 208 1   []  [33]
209 209 0   []  [88, 8, 238, 67, 161, 41, 16, 27, 148]
210 210 0   []  [240, 93, 178, 200, 226, 7, 15, 119, 137, 53, 165, 156, 54, 204, 130, 20]
211 211 1   []  [7, 221]
212 212 0   []  [101, 214, 7, 82, 46, 111, 204, 39, 219, 125, 136, 96, 132]
213 213 0   []  [202, 134, 41, 4, 248, 5, 78, 218, 40, 19, 118, 93, 142, 192, 231, 206, 44, 201, 97]
214 214 0   []  [29, 0, 27, 240, 36, 173, 224]
215 215 1   []  [213, 191]
216 216 0   []  [33, 111, 236, 60, 74, 3, 58, 75, 228, 1]
217 217 0   []  [124, 235, 153, 78, 72, 195, 104, 27, 97, 45]
218 218 0   []  [217, 69, 168, 107, 194, 197, 61, 124, 86]
219 219 0   []  [203, 76, 192, 141, 148, 215, 97, 217, 37, 53, 109, 122, 18, 182, 235]
220 220 0   []  [21, 69, 94, 80, 194, 186]
221 221 0   []  [89, 99, 114, 218]
222 222 0   []  [233, 177, 204, 97, 226, 114, 58, 241, 79, 61, 129, 68, 88, 56, 15, 242, 28, 142, 208]
223 223 0   []  [2, 188, 149, 10, 178, 39, 232, 169, 12]
224 224 0   []  [249, 104, 188, 142, 107, 214, 88, 14, 248, 99, 52]
225 225 0   []  [28, 226, 192, 172, 134, 98, 207, 89, 53, 168, 3, 115, 189, 173, 59, 94, 188]
226 226 1   []  [46, 181, 41, 184, 182]
227 227 0   []  [110, 243, 35, 48, 168, 239, 176, 106, 94, 119, 64, 146, 45, 190, 142]
228 228 0   []  [124, 70, 90, 239, 129, 158, 177]
229 229 0   []  [100, 139, 94, 192, 41, 125, 204, 174, 161, 227, 177, 188, 101, 51, 109, 89]
230 230 0   []  [114]
231 231 1   []  [7]
232 232 0   []  [156, 118, 229, 54, 58, 99, 201, 158, 50, 160, 70, 85, 142]
233 233 0   []  [84, 109, 120, 37, 11, 203, 178, 171, 234, 144, 201, 81, 238, 194, 113, 183, 212, 110, 101]
234 234 0   []  [138, 8, 249]
235 235 0   []  [24, 176, 37, 174, 90, 77, 80, 1, 82, 126, 232]
236 236 1   []  [194]
237 237 0   []  [69, 132, 232, 54, 66, 95, 80, 166, 172, 45, 71, 87, 65, 23, 141, 167, 48, 39]
238 238 0   []  [28, 38, 196]
239 239 0   []  [73, 123, 130, 8, 162, 2, 135, 193, 172, 28, 31, 137, 153, 223, 6, 179, 200, 249]
240 240 0   []  [81, 218, 103, 20, 75, 112, 111]
241 241 0   []  [109, 47, 181, 184, 78]
242 242 0   []  [4, 6]
243 243 0   []  [10, 124, 213, 120, 126, 13, 164, 183, 103, 71, 167, 87, 202, 246, 72, 169, 17, 26]
244 244 0   []  [81, 133, 71, 16, 200, 59, 130, 4, 127, 36, 212, 151, 206, 248, 207, 191, 98, 33, 143]
245 245 0   []  [157, 188, 110, 15, 54, 106, 185, 115, 29]
246 246 0   []  [129, 180, 12]
247 247 0   []  [195, 131, 200, 201, 216, 89, 60, 70, 228, 243, 61, 134, 225, 99, 153]
248 248 0   []  [69, 56, 53, 6, 25]
249 249 0   []  [246, 22, 205, 91, 215, 206, 37, 38, 77, 194, 50, 117, 211]
